%%MatrixMarket matrix coordinate real general
41 29 54
10 1 -1
14 1 1
11 2 -1
15 2 1
12 3 -1
16 3 1
1 4 -1
17 4 1
2 5 -1
18 5 1
3 6 -1
19 6 1
4 7 -1
20 7 1
5 8 -1
21 8 1
6 9 -1
22 9 1
7 10 -1
23 10 1
8 11 -1
24 11 1
9 12 -1
25 12 1
1 13 1
32 13 -1
2 14 1
26 14 -1
33 14 -1.4142135623730951
27 15 -1
34 15 -1.4142135623730951
28 16 -1
35 16 -1.4142135623730951
3 17 1
26 17 1
4 18 1
36 18 -1
29 19 -1
37 19 -1.4142135623730951
30 20 -1
38 20 -1.4142135623730951
27 21 1
29 22 1
39 23 -1
31 24 -1
40 24 -1.4142135623730951
10 25 1
28 25 1
11 26 1
30 26 1
31 27 1
13 28 1
41 28 -1
13 29 -1
