2.6766080310964e+05
2.4619206693052e+05
2.3969418300793e+05
2.0982795990391e+05
2.1774366568113e+05
2.3064839622778e+05
2.5834201652474e+05
2.5909889709071e+05
2.6224466236285e+05
2.6796633155454e+05
2.3397033139535e+05
2.6824227143526e+05
2.4851687512428e+05
2.4035651858956e+05
2.3462311132546e+05
2.5361687150600e+05
2.4780114256847e+05
2.3733284334108e+05
2.4616822133522e+05
2.4929474986052e+05
2.4795983992776e+05
2.5435926443761e+05
2.3130909004435e+05
2.5334656257789e+05
2.4019143186143e+05
2.6105785708305e+05
2.6252552005663e+05
2.3596590326905e+05
2.5198438225566e+05
2.4682157967908e+05
2.5296985772887e+05
2.6227343567492e+05
2.4274994827991e+05
2.2785907659515e+05
2.4561620643816e+05
2.5717558234644e+05
2.3989062645237e+05
2.2580010325163e+05
2.4440538202211e+05
2.5424076253451e+05
2.5308487217753e+05
2.6942256478966e+05
2.5797327604117e+05
2.6458129476346e+05
2.5185275894483e+05
2.4179303720575e+05
2.4117246003340e+05
2.6483286674359e+05
2.4990067990076e+05
2.4990898018250e+05
2.5547293482828e+05
2.3482012953504e+05
2.5892125550329e+05
2.3407164797183e+05
2.5317954899669e+05
2.4647656034010e+05
2.2362052044623e+05
2.7094451087938e+05
2.6284142544147e+05
2.5516488327762e+05
2.5162791168830e+05
2.4922018552431e+05
2.4034566339199e+05
2.5065881823517e+05
2.4344679866606e+05
2.6817610637447e+05
2.6948164418608e+05
2.5102612630458e+05
2.7031285600742e+05
2.3420873469589e+05
2.3395005466550e+05
2.6080827795902e+05
2.5618592824489e+05
2.4911181066494e+05
2.4382467036105e+05
2.4090705235864e+05
2.3933021867493e+05
2.6054527036794e+05
2.4309491046817e+05
2.2556125022192e+05
2.6385642083408e+05
2.8761406169179e+05
2.6864049944032e+05
2.2777053102440e+05
2.2886474203304e+05
2.4103739275240e+05
2.4212780924563e+05
2.4605522745694e+05
2.5021697409048e+05
2.6454860330251e+05
2.4150712524551e+05
2.6050427934857e+05
2.6825509461392e+05
2.3247734723013e+05
2.4112914032923e+05
2.6999365709380e+05
2.5597994360317e+05
2.3301195125658e+05
2.2757499461172e+05
2.2540034525844e+05
2.4453953313753e+05
2.5721710372394e+05
2.2440003851079e+05
2.4583291769359e+05
2.7759166605927e+05
2.6875650995649e+05
2.4488644132185e+05
2.4852901027379e+05
2.5253748539704e+05
2.6005793986263e+05
2.6412991901855e+05
2.3630506754669e+05
2.4294864625226e+05
2.3923029904007e+05
2.4496982202123e+05
2.6781421719969e+05
2.5678997590043e+05
2.4409309454246e+05
2.4818163247915e+05
2.3055217957199e+05
2.3146886060805e+05
2.4839867449832e+05
2.3341596578410e+05
2.3127908885950e+05
2.6628037864320e+05
2.5186260211408e+05
2.5928076388939e+05
2.5218102296100e+05
2.5253026972839e+05
2.3986026893692e+05
2.5302208854199e+05
2.5225424891537e+05
2.4884705082610e+05
2.4063764472439e+05
2.5290261224504e+05
2.4814264652227e+05
2.7094789658766e+05
2.6800658800259e+05
2.4426079322460e+05
2.6711557511437e+05
2.5808123289098e+05
2.5381717023927e+05
2.4633980945399e+05
2.5949105157213e+05
2.3512535771863e+05
2.5416367198302e+05
2.4554450478709e+05
2.4715125363010e+05
2.2246891846250e+05
2.7192540508953e+05
2.5296408534076e+05
2.4786834822050e+05
2.6447671396388e+05
2.4570615125012e+05
2.4306569175987e+05
2.2542312452439e+05
2.4212763709741e+05
2.4558112067356e+05
2.3712823428458e+05
2.6559430201334e+05
2.3781899717092e+05
2.5478216469414e+05
2.5275578967347e+05
2.6100847445608e+05
2.5107960315581e+05
2.4909353593158e+05
2.5612515403181e+05
2.3599456787196e+05
2.5066515163349e+05
2.3800077944825e+05
2.3573896687517e+05
2.2220965810632e+05
2.3574354583450e+05
2.1652632375560e+05
2.5065231786078e+05
2.3475358149444e+05
2.3978698936568e+05
2.4224790115121e+05
2.4651633380602e+05
2.6132288690388e+05
2.2586952398749e+05
2.4810781346061e+05
2.3609384691980e+05
2.6504938625707e+05
2.7762924106176e+05
2.4969943481447e+05
2.5977211138219e+05
2.3389709653806e+05
2.4919216036841e+05
2.7849132959349e+05
2.4694954644938e+05
2.5086523917814e+05
2.4901985681139e+05
2.3238101857420e+05
2.4153269401228e+05
2.4045093109878e+05
2.6100044368513e+05
2.5833698907375e+05
2.5748233293983e+05
2.4727970343470e+05
2.4353101209884e+05
2.5092192944606e+05
2.6197208242887e+05
2.3792363023459e+05
2.4911656272240e+05
2.5309593845594e+05
2.7293580178983e+05
2.5354166639698e+05
2.3275298494777e+05
2.4346988987012e+05
2.4167311046317e+05
2.5281304959805e+05
2.4216957952093e+05
2.4293532077642e+05
2.4762495017708e+05
2.4413776461691e+05
2.5959312767062e+05
2.5044481539088e+05
2.4700972556806e+05
2.4714121986502e+05
2.4506479327642e+05
2.4182396643346e+05
2.4534992413883e+05
2.5575586681895e+05
2.5695170448866e+05
2.4301128629857e+05
2.2606043501836e+05
2.6290416298427e+05
2.7066442197118e+05
2.4157814791609e+05
2.6139776212907e+05
2.5213554478433e+05
2.4361812732564e+05
2.4843774585784e+05
2.3256724209903e+05
2.2847262031956e+05
2.5533146424201e+05
2.6435862021896e+05
2.6169726525344e+05
2.5724419046913e+05
2.6999879127552e+05
2.6692147650038e+05
2.5380011652181e+05
2.3035761860812e+05
2.6905753686437e+05
2.3366237367555e+05
2.4533896003342e+05
2.5966259268548e+05
2.3256455573737e+05
2.4840197686558e+05
2.6190329410015e+05
2.3245545597240e+05
2.4553194051659e+05
2.4947060949487e+05
2.3366223516789e+05
2.5017910503209e+05
2.5961449484785e+05
2.5338176209719e+05
2.5498580836553e+05
2.5956466833965e+05
2.4116382350499e+05
2.5248466474084e+05
2.7627497648230e+05
2.4283179817127e+05
2.4781255871794e+05
2.7380390616493e+05
2.6158137866221e+05
2.5020271881493e+05
2.5115960769279e+05
2.4569568027701e+05
2.3570409633748e+05
2.6483854471317e+05
2.6184619290969e+05
2.3887386712046e+05
2.4549820213342e+05
2.6014896030680e+05
2.5424969459263e+05
2.5771996576842e+05
2.2255342493268e+05
2.4132144314054e+05
2.5832277178113e+05
2.4064342416796e+05
2.4033811101627e+05
2.5769781666639e+05
2.4400660960352e+05
2.5253583824409e+05
2.3094505557976e+05
2.3809050650595e+05
2.5012360974906e+05
2.4172042696005e+05
2.3882226628269e+05
2.5165011197466e+05
2.5856253337041e+05
2.6296699027640e+05
2.6270452192118e+05
2.4062220707462e+05
2.4713920546325e+05
2.4091889280220e+05
2.3126195065385e+05
2.4060402808181e+05
2.5806990628249e+05
2.5650706165024e+05
2.4970967900386e+05
2.4265489610717e+05
2.3599007783442e+05
2.5866433255848e+05
2.4247790792181e+05
2.3925766441517e+05
2.4616831878306e+05
2.4341446023966e+05
2.5537925421825e+05
2.5358823243882e+05
2.6161978201070e+05
2.4001898237661e+05
2.2811062639544e+05
2.7310662807286e+05
2.3323402785700e+05
2.5781279882641e+05
2.5087860669460e+05
2.6935934428262e+05
2.7206503809803e+05
2.5801780490455e+05
2.4028927109558e+05
2.5847315773194e+05
2.3406641801787e+05
2.3807847288947e+05
2.9088085785965e+05
2.4923584652663e+05
2.3564495169368e+05
2.7659234146710e+05
2.3857832246092e+05
2.5435215298155e+05
2.3114103474907e+05
2.4754305589996e+05
2.0509183934863e+05
2.4073406064697e+05
2.4562872592597e+05
2.4958201173963e+05
2.6406922232801e+05
2.3940933023819e+05
2.5982136762974e+05
2.7375744851762e+05
2.3167637729679e+05
2.5610620836328e+05
2.4532552746159e+05
2.5113426144510e+05
2.6315177395639e+05
2.3148995888148e+05
2.4288294183098e+05
2.4022942332690e+05
2.1867173212057e+05
2.7778213050626e+05
2.3402823882374e+05
2.3957007657549e+05
2.6869753129041e+05
2.5522959681114e+05
2.3835587241582e+05
2.3642717892297e+05
2.3150932728167e+05
2.6514659108068e+05
2.5782732502767e+05
2.5229486865831e+05
2.4386023547315e+05
2.6161993952917e+05
2.4699823848352e+05
2.5744331487085e+05
2.5798493838919e+05
2.6015065472997e+05
2.4661976312929e+05
2.4227651246041e+05
2.4843168220280e+05
2.5269734040056e+05
2.2912273480410e+05
2.6299590599333e+05
2.5931486717521e+05
2.5331587923468e+05
2.3228119749971e+05
2.3522045602548e+05
2.5240811868969e+05
2.3926905811709e+05
2.3638345264094e+05
2.3898861864674e+05
2.3961719407845e+05
2.4133055502005e+05
2.4837924034278e+05
2.7777748630516e+05
2.5070005412135e+05
2.5960992391715e+05
2.5206721180193e+05
2.4433903063655e+05
2.3877015848499e+05
2.3002799952361e+05
2.3531289787327e+05
2.5430812550588e+05
2.3523239537292e+05
2.3447432279135e+05
2.3774196791738e+05
2.5821414019425e+05
2.5105959505791e+05
2.5507169432295e+05
2.5352083707095e+05
2.6535056873955e+05
2.6353872331183e+05
2.4273091271563e+05
2.4672660673527e+05
2.3879991520804e+05
2.6649928375938e+05
2.3260684242038e+05
2.4576838394233e+05
2.7828142156356e+05
2.6070233069105e+05
2.3667675947948e+05
2.4258089958538e+05
2.6851586432260e+05
2.5984122870046e+05
2.4322373055572e+05
2.3507979473776e+05
2.7690996702292e+05
2.5317016116885e+05
2.4856115704450e+05
2.3261721342662e+05
2.6082676730336e+05
2.4514695885764e+05
2.4726079042699e+05
2.3628277275787e+05
2.8508859245402e+05
2.5472139313574e+05
2.3052522100199e+05
2.5662335094224e+05
2.5494221597495e+05
2.5709736888060e+05
2.8098026082291e+05
2.7152695905456e+05
2.5626559058226e+05
2.8285571868960e+05
2.4927633994602e+05
2.6156265583047e+05
2.3821097771255e+05
2.5471154406252e+05
2.5064619289255e+05
2.5467775487711e+05
2.5388397941455e+05
2.6186533806726e+05
2.6168828172159e+05
2.3312433416173e+05
2.4680625555703e+05
2.4535507402319e+05
2.5898283729423e+05
2.3924069156275e+05
2.5343086303713e+05
2.6700516010216e+05
2.6544164667076e+05
2.5804419970011e+05
2.6505337837810e+05
2.5415387512360e+05
2.4693537497294e+05
2.7148588471515e+05
2.4912335408022e+05
2.4262045537797e+05
2.4745295779409e+05
2.3480590520760e+05
2.2941173144443e+05
2.4168974728096e+05
2.4439125859800e+05
2.4680852572124e+05
2.6182704093017e+05
2.3291957583255e+05
2.5736333876834e+05
2.5392514457667e+05
2.5198067725032e+05
2.5342003742843e+05
2.3230890109385e+05
2.2751141376236e+05
2.6321366002697e+05
2.4795256789055e+05
2.6184347729408e+05
2.6598870015446e+05
2.6350371395886e+05
2.4523253407494e+05
2.6673344773482e+05
2.7800246210800e+05
2.5696641074396e+05
2.7505089173795e+05
2.4655191087396e+05
2.6029803677641e+05
2.5842230930120e+05
2.4893114538047e+05
2.6171494443868e+05
2.4604455913138e+05
2.5558041715656e+05
2.6528916138729e+05
2.3901502328777e+05
2.6279192561049e+05
2.4443550349672e+05
2.7632021269316e+05
2.4131205667686e+05
2.4899062741200e+05
2.6913522025576e+05
2.6915161866835e+05
2.3719522209142e+05
2.5119579783061e+05
2.5540543597398e+05
2.3820905878276e+05
2.4077201677642e+05
2.6473645740256e+05
2.4795713016868e+05
2.7913572226566e+05
2.6216484863087e+05
2.3313388648913e+05
2.4485406145256e+05
2.5235104397876e+05
2.2689851209914e+05
2.3248013314854e+05
2.4799735331591e+05
2.3634676369297e+05
2.3242899079813e+05
2.5678602609872e+05
2.4971985106559e+05
2.6054747022770e+05
2.5512283765056e+05
2.4489799437144e+05
2.4863962006970e+05
2.2400603144100e+05
2.2060378890241e+05
2.4529920682153e+05
2.6628048141608e+05
2.4928986235498e+05
2.5657853040432e+05
2.5815409869671e+05
2.2286610158327e+05
2.6016901255012e+05
2.4545037116367e+05
2.5963462232308e+05
2.3561168781246e+05
2.4084187373355e+05
2.5118651150680e+05
2.5202335112898e+05
2.3401489138367e+05
2.5256412533394e+05
2.4529626498317e+05
2.5270381809569e+05
2.3597952856969e+05
2.7274327651844e+05
2.4429077452867e+05
2.4099285607774e+05
2.5301986746223e+05
2.4843759976252e+05
2.1956269904888e+05
2.5368942848826e+05
2.4969778381935e+05
2.5126772896564e+05
2.6131593089565e+05
2.4923128186429e+05
2.4719539370033e+05
2.4929326875630e+05
2.3848795215300e+05
2.8070853279403e+05
2.3269160716701e+05
2.4152570504603e+05
2.3590998404753e+05
2.4495191202787e+05
2.6586482269807e+05
2.5803381208669e+05
2.5420104801998e+05
2.4310076290676e+05
2.6824236075965e+05
2.1641831563984e+05
2.4114726081797e+05
2.5089102764730e+05
2.6207296897664e+05
2.3831019462538e+05
2.3600602577616e+05
2.5607249753081e+05
2.5455645992984e+05
2.4476377359291e+05
2.7373187350534e+05
2.7060228581242e+05
2.3048278123342e+05
2.6057637892728e+05
2.6997053090307e+05
2.7162191917370e+05
2.5033345774510e+05
2.3906160686978e+05
2.8819171852034e+05
2.5216152942464e+05
2.3990658071832e+05
2.3623558423625e+05
2.4869063400774e+05
2.5425854074723e+05
2.5242826384821e+05
2.4278439346802e+05
2.3927001041341e+05
2.3461186906042e+05
2.4599791312794e+05
2.4725897751417e+05
2.6340963973655e+05
2.7410243817455e+05
2.4695239865897e+05
2.4613067794874e+05
2.4998166571399e+05
2.3674533624651e+05
2.3647895443426e+05
2.4877095285740e+05
2.3786270837766e+05
2.5691910477787e+05
2.5697984451525e+05
2.4778262091819e+05
2.4381658757967e+05
2.2383292378425e+05
2.4410611749949e+05
2.3807708665771e+05
2.5679881927237e+05
2.6420171188807e+05
2.4079895244062e+05
2.5751703110196e+05
2.6192518914579e+05
2.4108056477185e+05
2.5309650955129e+05
2.5822938531430e+05
2.5215689463919e+05
2.3479954495236e+05
2.4138950507180e+05
2.2691869814975e+05
2.2723437648867e+05
2.3546423330058e+05
2.6489759731929e+05
2.5095143019712e+05
2.5093661777835e+05
2.5103257360037e+05
2.4202765625376e+05
2.6792669206150e+05
2.4541241731798e+05
2.3404063602887e+05
2.6112001919932e+05
2.5401114786532e+05
2.6108581137944e+05
2.5185673036739e+05
2.5070437985587e+05
2.3898325039858e+05
2.6163527077999e+05
2.7754170191084e+05
2.7402925342468e+05
2.5327634942199e+05
2.4020299613882e+05
2.5518660972024e+05
2.5258813957116e+05
2.5278263528180e+05
2.2984424656781e+05
2.6427081894664e+05
2.4281253167395e+05
2.5415222404038e+05
2.4707406249472e+05
2.3751109697817e+05
2.7158099755657e+05
2.4931140889788e+05
2.5182789550797e+05
2.7599222063514e+05
2.4275583876020e+05
2.4727799963550e+05
2.4738647508348e+05
2.3227939784766e+05
2.3185613685637e+05
2.4858377635560e+05
2.5008741757119e+05
2.4499384969220e+05
2.3638845805397e+05
2.5022288436265e+05
2.3960688611367e+05
2.5469724816578e+05
2.2708560583238e+05
2.6843040228674e+05
2.5461970492007e+05
2.7047944996981e+05
2.4863189786748e+05
2.5726534856563e+05
2.5258852408060e+05
2.5677214761046e+05
2.3362036444994e+05
2.4104622527523e+05
2.6041802286662e+05
2.4717948638575e+05
2.6278401312296e+05
2.5451737284402e+05
2.7360945923096e+05
2.5792612878879e+05
2.4307686813121e+05
2.4677866523070e+05
2.3837834727585e+05
2.5237374911984e+05
2.6997850466253e+05
2.3330202221480e+05
2.5970859681680e+05
2.2454362193879e+05
2.6522726217866e+05
2.3302478583555e+05
2.6930171853867e+05
2.5226383450148e+05
2.6501019426434e+05
2.4319724520941e+05
2.6997716519798e+05
2.5496940461105e+05
2.5193227503790e+05
2.5607126675224e+05
2.5622409563665e+05
2.4567234144165e+05
2.4666724233915e+05
2.5090648909945e+05
2.2892084045001e+05
2.3219454512686e+05
2.3430712636262e+05
2.2936624847335e+05
2.6047488669350e+05
2.4930038846339e+05
2.6003503619085e+05
2.6382549295282e+05
2.5142286419285e+05
2.6544054487097e+05
2.4653341433425e+05
2.5408847482345e+05
2.7153388104233e+05
2.4601707882931e+05
2.5025449295803e+05
2.6065783757159e+05
2.4928034989599e+05
2.4539178432364e+05
2.6129167757612e+05
2.5147802438054e+05
2.4928309444416e+05
2.3013899842361e+05
2.3301650015792e+05
2.4594956168536e+05
2.5487780993646e+05
2.5902346897334e+05
2.4225359696761e+05
2.6187389378435e+05
2.5350471353753e+05
2.6301018687549e+05
2.6942271163717e+05
2.3993145982210e+05
2.5101243730972e+05
2.5911275007068e+05
2.3658731573090e+05
2.3452685318433e+05
2.5989788305861e+05
2.3490838303602e+05
2.4779069954187e+05
2.4823444527812e+05
2.4681968756993e+05
2.5804177562678e+05
2.5739405624163e+05
2.6146774880483e+05
2.3408344794066e+05
2.5281562986930e+05
2.5540836163357e+05
2.5698369539136e+05
2.7080281735369e+05
2.4179085101936e+05
2.6969686095226e+05
2.4612999583567e+05
2.3646667174234e+05
2.5729081896573e+05
2.3583486666220e+05
2.4525355625107e+05
2.5878973322550e+05
2.3669860493343e+05
2.3426717739219e+05
2.6621250738258e+05
2.5000868906591e+05
2.5447862582043e+05
2.5033150257133e+05
2.6635682568568e+05
2.5321871861557e+05
2.4152272487400e+05
2.4676805526940e+05
2.4262806609355e+05
2.4475717648704e+05
2.3863768638169e+05
2.5072702311935e+05
2.5415034894924e+05
2.3490458824878e+05
2.5392664671518e+05
2.4939787337994e+05
2.4660626910266e+05
2.7057024984654e+05
2.5802232956288e+05
2.5350901561887e+05
2.5301408740034e+05
2.3692484305700e+05
2.3973229278757e+05
2.4526865893036e+05
2.5075329296559e+05
2.4388741427070e+05
2.7023234542605e+05
2.4149344105288e+05
2.5113953340283e+05
2.3606068901399e+05
2.7261004790469e+05
2.7422665095869e+05
2.5421685492631e+05
2.3761188079960e+05
2.2665747401943e+05
2.6461563516383e+05
2.6931665996268e+05
2.4370598030319e+05
2.6476449736551e+05
2.6918080238076e+05
2.5291717220587e+05
2.6405060725539e+05
2.2620491969359e+05
2.4098158190645e+05
2.5602120016204e+05
2.4636625481264e+05
2.4483571553972e+05
2.3855832524829e+05
2.3265986301199e+05
2.2941879163741e+05
2.5357978072089e+05
2.4595696737882e+05
2.4821739708003e+05
2.5979813171841e+05
2.4714430698046e+05
2.5198356518031e+05
2.6063276676769e+05
2.6794554464412e+05
2.5261563466741e+05
2.4742308209246e+05
2.5607182459460e+05
2.6340190800342e+05
2.6173661631900e+05
2.3978328053551e+05
2.5803617991625e+05
2.3695523629157e+05
2.6131905253778e+05
2.4752192457984e+05
2.4045314566321e+05
2.5191811666804e+05
2.6807428109605e+05
2.6168113745967e+05
2.5037394879287e+05
2.4734346664960e+05
2.4325937418934e+05
2.6115463572226e+05
2.8088655559111e+05
2.4062722581019e+05
2.2586545821809e+05
2.4827955481182e+05
2.4350065210655e+05
2.1868858411008e+05
2.4729262010974e+05
2.6951127468596e+05
2.5988452624657e+05
2.6776196229007e+05
2.6370887777201e+05
2.5861792687746e+05
2.5185951136211e+05
2.4314251525480e+05
2.3780213505658e+05
2.3285012837161e+05
2.7656119718721e+05
2.2841435785761e+05
2.4183592376547e+05
2.4287671697517e+05
2.4601245108121e+05
2.7060888054772e+05
2.4215951144180e+05
2.4729204280220e+05
2.5818142797740e+05
2.4964910669197e+05
2.4418146309895e+05
2.6612481106305e+05
2.4311276183838e+05
2.4772591556596e+05
2.3616717894598e+05
2.4504272587522e+05
2.5118926630990e+05
2.6214745551362e+05
2.1504207196789e+05
2.4798446078272e+05
2.6477738262293e+05
2.5729676206748e+05
2.4119688355638e+05
2.7216563604634e+05
2.5670148841008e+05
2.5487015569042e+05
2.6138829287710e+05
2.4570637818631e+05
2.6965979808841e+05
2.4777810248745e+05
2.4296204109328e+05
2.5262320006047e+05
2.5910913164522e+05
2.4409457708185e+05
2.6059499412856e+05
2.4924089681948e+05
2.6539467498576e+05
2.5968685880073e+05
2.5660471874568e+05
2.6655991547331e+05
2.4244523489951e+05
2.6523155747042e+05
2.5557141753302e+05
2.5387065715760e+05
2.5458089981222e+05
2.6113081151268e+05
2.6985113425975e+05
2.6390695260022e+05
2.4809865371845e+05
2.4747568132211e+05
2.5228843555576e+05
2.4166939461813e+05
2.6081073631620e+05
2.5150498892285e+05
2.5147547974552e+05
2.6067020491045e+05
2.5621199550458e+05
2.3400077352410e+05
2.4653559437375e+05
2.4294846791335e+05
2.4487539615056e+05
2.4831557007061e+05
2.4015816611189e+05
2.5018737095040e+05
2.6590598539882e+05
2.4719736479143e+05
2.4040808894834e+05
2.5757487464189e+05
2.4355530338557e+05
2.4138550477151e+05
2.1317676077152e+05
2.6712467893156e+05
2.7167542688099e+05
2.7325068679745e+05
2.5706008560255e+05
2.1276111026601e+05
2.5138140453092e+05
2.2029277122771e+05
2.6055539636290e+05
2.6282055771745e+05
2.3965521403069e+05
2.4442367528934e+05
2.5593240425066e+05
2.3299597173200e+05
2.6267818901824e+05
2.6141129603429e+05
2.6473699466582e+05
2.5885723727052e+05
2.4503259215191e+05
2.6305928219534e+05
2.6387938169153e+05
2.8220806970513e+05
2.6262547013195e+05
2.4218341432079e+05
2.4068124838421e+05
2.3543155994304e+05
2.8192296961643e+05
2.4534086746422e+05
2.5509706663487e+05
2.5911165669553e+05
2.5117586356268e+05
2.3413935511882e+05
2.3551523337332e+05
2.5158881030392e+05
2.4304933425889e+05
2.5092693617234e+05
2.2250425223661e+05
2.7526241334549e+05
2.6985121037147e+05
2.4165297108027e+05
2.3704649701127e+05
2.2983969229873e+05
2.3390649556253e+05
2.4010123847454e+05
2.3554794052661e+05
2.5599692863065e+05
2.3063390467976e+05
2.3990184024110e+05
2.4441140473404e+05
2.3711202905859e+05
2.5922532424594e+05
2.7432069920963e+05
2.3768924824515e+05
2.3710242131363e+05
2.3588475052329e+05
2.7420660157913e+05
2.5260948297864e+05
2.5610305040723e+05
2.5402553778430e+05
2.2714904593982e+05
2.5351785560144e+05
2.4216300636920e+05
2.3657144615981e+05
2.3819836715163e+05
2.7391761224868e+05
2.7782240797373e+05
2.4370029348667e+05
2.6491432650859e+05
2.6370731154049e+05
2.4162579546688e+05
2.4019611785738e+05
2.4704761470803e+05
